Time (baseline) : 853.362366
Time : 832.186340
  difference : 0.000000e+00